              precision    recall  f1-score   support

           0     0.9896    0.9795    0.9845       195
           1     0.9871    0.9913    0.9892       231
           2     0.9638    0.9953    0.9793       214
           3     1.0000    0.9497    0.9742       179
           4     0.9793    0.9947    0.9869       190
           5     0.9780    1.0000    0.9889       178
           6     0.9898    0.9898    0.9898       196
           7     0.9815    0.9680    0.9747       219
           8     0.9604    0.9898    0.9749       196
           9     0.9949    0.9604    0.9773       202

    accuracy                         0.9820      2000
   macro avg     0.9824    0.9819    0.9820      2000
weighted avg     0.9823    0.9820    0.9820      2000
