              precision    recall  f1-score   support

           0     0.9744    0.9744    0.9744       195
           1     0.9869    0.9784    0.9826       231
           2     0.9457    0.9766    0.9609       214
           3     0.9341    0.9497    0.9418       179
           4     0.9677    0.9474    0.9574       190
           5     0.9709    0.9382    0.9543       178
           6     0.9596    0.9694    0.9645       196
           7     0.9422    0.9680    0.9550       219
           8     0.9433    0.9337    0.9385       196
           9     0.9596    0.9406    0.9500       202

    accuracy                         0.9585      2000
   macro avg     0.9584    0.9576    0.9579      2000
weighted avg     0.9587    0.9585    0.9585      2000
