              precision    recall  f1-score   support

           0     0.9598    0.9795    0.9695       195
           1     0.9912    0.9784    0.9847       231
           2     0.9621    0.9486    0.9553       214
           3     0.9451    0.9609    0.9529       179
           4     0.9482    0.9632    0.9556       190
           5     0.9508    0.9775    0.9640       178
           6     0.9891    0.9235    0.9551       196
           7     0.9724    0.9635    0.9679       219
           8     0.9458    0.9796    0.9624       196
           9     0.9552    0.9505    0.9529       202

    accuracy                         0.9625      2000
   macro avg     0.9620    0.9625    0.9620      2000
weighted avg     0.9629    0.9625    0.9625      2000
