              precision    recall  f1-score   support

           0     0.7679    0.8431    0.8037       204
           1     0.9840    0.9343    0.9585       198
           2     0.7268    0.7760    0.7506       192
           3     0.8750    0.8173    0.8451       197
           4     0.7714    0.7397    0.7552       219
           5     0.9158    0.9721    0.9431       179
           6     0.6219    0.5841    0.6024       214
           7     0.9585    0.8565    0.9046       216
           8     0.9133    0.9676    0.9396       185
           9     0.9091    0.9694    0.9383       196

    accuracy                         0.8410      2000
   macro avg     0.8444    0.8460    0.8441      2000
weighted avg     0.8418    0.8410    0.8403      2000
