              precision    recall  f1-score   support

           0     0.7023    0.9020    0.7897       204
           1     1.0000    0.9394    0.9688       198
           2     0.6261    0.7760    0.6930       192
           3     0.7867    0.8426    0.8137       197
           4     0.7596    0.6347    0.6915       219
           5     0.9827    0.9497    0.9659       179
           6     0.7029    0.4533    0.5511       214
           7     0.9217    0.9815    0.9507       216
           8     0.9263    0.9514    0.9387       185
           9     0.9683    0.9337    0.9506       196

    accuracy                         0.8310      2000
   macro avg     0.8376    0.8364    0.8314      2000
weighted avg     0.8347    0.8310    0.8269      2000
