              precision    recall  f1-score   support

           0     0.8374    0.8333    0.8354       204
           1     0.9897    0.9697    0.9796       198
           2     0.7087    0.8490    0.7725       192
           3     0.8782    0.8782    0.8782       197
           4     0.8208    0.6484    0.7245       219
           5     0.9323    1.0000    0.9650       179
           6     0.6667    0.7009    0.6834       214
           7     0.9662    0.9259    0.9456       216
           8     0.9674    0.9622    0.9648       185
           9     0.9590    0.9541    0.9565       196

    accuracy                         0.8670      2000
   macro avg     0.8726    0.8722    0.8705      2000
weighted avg     0.8704    0.8670    0.8668      2000
