              precision    recall  f1-score   support

           0     0.9742    0.9692    0.9717       195
           1     0.9868    0.9740    0.9804       231
           2     0.9455    0.9720    0.9585       214
           3     0.9438    0.9385    0.9412       179
           4     0.9531    0.9632    0.9581       190
           5     0.9651    0.9326    0.9486       178
           6     0.9643    0.9643    0.9643       196
           7     0.9174    0.9635    0.9399       219
           8     0.9319    0.9082    0.9199       196
           9     0.9548    0.9406    0.9476       202

    accuracy                         0.9535      2000
   macro avg     0.9537    0.9526    0.9530      2000
weighted avg     0.9538    0.9535    0.9535      2000
