              precision    recall  f1-score   support

           0     0.9746    0.9846    0.9796       195
           1     0.9956    0.9697    0.9825       231
           2     0.9725    0.9907    0.9815       214
           3     0.9886    0.9721    0.9803       179
           4     0.9892    0.9684    0.9787       190
           5     0.9727    1.0000    0.9861       178
           6     0.9897    0.9796    0.9846       196
           7     0.9860    0.9680    0.9770       219
           8     0.9512    0.9949    0.9726       196
           9     0.9751    0.9703    0.9727       202

    accuracy                         0.9795      2000
   macro avg     0.9795    0.9798    0.9796      2000
weighted avg     0.9798    0.9795    0.9795      2000
