              precision    recall  f1-score   support

           0     0.8850    0.9077    0.8962       195
           1     0.9336    0.9740    0.9534       231
           2     0.7546    0.7617    0.7581       214
           3     0.6074    0.8212    0.6983       179
           4     0.7919    0.8211    0.8062       190
           5     0.5545    0.6854    0.6131       178
           6     0.9649    0.8418    0.8992       196
           7     0.7811    0.7169    0.7476       219
           8     0.7429    0.5306    0.6190       196
           9     0.7616    0.6485    0.7005       202

    accuracy                         0.7735      2000
   macro avg     0.7778    0.7709    0.7692      2000
weighted avg     0.7836    0.7735    0.7737      2000
