              precision    recall  f1-score   support

           0     0.9538    0.9347    0.9442       199
           1     0.9194    0.8382    0.8769       204
           2     0.8750    0.8415    0.8579       183
           3     0.9187    0.9275    0.9231       207
           4     0.8578    0.9234    0.8894       209
           5     0.9674    0.9036    0.9344       197
           6     0.8850    0.9390    0.9112       213
           7     0.9175    0.9223    0.9199       193
           8     0.8955    0.9424    0.9184       191
           9     0.9265    0.9265    0.9265       204

    accuracy                         0.9105      2000
   macro avg     0.9117    0.9099    0.9102      2000
weighted avg     0.9116    0.9105    0.9104      2000
