              precision    recall  f1-score   support

           0     0.8942    0.8492    0.8711       199
           1     0.7951    0.7990    0.7971       204
           2     0.6714    0.7705    0.7176       183
           3     0.8281    0.8841    0.8551       207
           4     0.8457    0.7608    0.8010       209
           5     0.8731    0.8731    0.8731       197
           6     0.8289    0.8873    0.8571       213
           7     0.8827    0.8187    0.8495       193
           8     0.7799    0.8534    0.8150       191
           9     0.9080    0.7745    0.8360       204

    accuracy                         0.8275      2000
   macro avg     0.8307    0.8271    0.8273      2000
weighted avg     0.8322    0.8275    0.8282      2000
