              precision    recall  f1-score   support

           0     0.8318    0.8945    0.8620       199
           1     0.7945    0.8529    0.8227       204
           2     0.7085    0.7705    0.7382       183
           3     0.8133    0.8841    0.8472       207
           4     0.8141    0.7751    0.7941       209
           5     0.9121    0.8426    0.8760       197
           6     0.8318    0.8592    0.8453       213
           7     0.9226    0.8031    0.8587       193
           8     0.8763    0.8534    0.8647       191
           9     0.8777    0.8088    0.8418       204

    accuracy                         0.8350      2000
   macro avg     0.8383    0.8344    0.8351      2000
weighted avg     0.8386    0.8350    0.8355      2000
